5000 DATA 66,77,250,1,0,0,0,0,0,0,146,0,0,0,124,0,0,0,51,0,0,0,45,0,0,0,1,0,1,0,0,0,0,0,104,1,0,0,19,11,0,0,19,11,0,0,2,0,0,0,2,
5010 DATA 0,0,0,0,0,255,0,0,255,0,0,255,0,0,0,0,0,0,0,66,71,82,115,0,0,0,0,0,0,0,0,0,0,0,0,0,0,0,0,0,0,0,0,0,0,0,0,0,0,0,0,
5020 DATA 0,0,0,0,0,0,0,0,0,0,0,0,0,0,0,0,0,0,0,0,2,0,0,0,0,0,0,0,0,0,0,0,0,0,0,0,0,0,0,0,255,255,255,0,0,0,0,0,0,0,0,
5030 DATA 0,0,0,3,248,0,0,0,0,0,0,119,235,192,0,0,0,0,1,255,247,240,0,0,0,0,3,251,227,240,0,0,0,0,14,240,225,236,0,0,0,0,126,7,252,15,128,0,0,0,122,
5040 DATA 127,255,203,192,0,0,0,240,31,255,195,224,0,0,0,242,127,255,193,224,0,0,0,227,255,252,112,168,0,0,3,129,228,120,48,16,0,0,3,142,98,255,252,60,0,0,14,140,47,255,254,
5050 DATA 30,0,0,31,1,255,255,254,30,0,0,30,7,255,255,223,31,0,0,30,31,255,255,129,142,0,0,16,63,196,14,96,134,0,0,16,124,68,14,249,3,0,0,56,112,72,31,64,39,0,0,
5060 DATA 60,112,10,63,75,227,128,0,112,226,70,127,199,227,192,0,121,192,78,123,195,227,192,0,56,206,79,255,99,227,192,0,24,26,79,255,93,161,128,0,0,50,255,238,127,224,0,0,0,51,255,
5070 DATA 203,125,224,0,0,0,55,15,255,127,240,0,0,0,22,15,255,255,224,0,0,0,54,31,255,255,224,0,0,0,227,159,255,255,224,0,0,0,193,207,255,255,224,0,0,0,0,239,255,255,192,
5080 DATA 0,0,0,0,111,255,255,192,0,0,0,1,231,255,255,128,0,0,0,15,247,255,255,128,0,0,0,13,255,255,255,0,0,0,0,14,159,255,255,0,0,0,0,12,127,255,254,0,0,0,0,
5090 DATA 6,63,191,252,0,0,0,0,0,63,255,248,0,0,0,0,0,9,255,240,0,0,0,0,0,1,255,192,0,0,0,0,0,0,255,0,0,0,0,0,0,0,32,0,0,0,0,
