32
1,2,3,4,5,6,7,8,9,10,11,12,13,14,15,16
4,17,18,19,8,20,21,22,12,23,24,25,16,26,27,28
19,29,30,31,22,32,33,34,25,35,36,37,28,38,39,40
31,41,42,1,34,43,44,5,37,45,46,9,40,47,48,13
13,14,15,16,49,50,51,52,53,54,55,56,57,58,59,60
16,26,27,28,52,61,62,63,56,64,65,66,60,67,68,69
28,38,39,40,63,70,71,72,66,73,74,75,69,76,77,78
40,47,48,13,72,79,80,49,75,81,82,53,78,83,84,57
57,58,59,60,85,86,87,88,89,90,91,92,93,94,95,96
60,67,68,69,88,97,98,99,92,100,101,102,96,103,104,105
69,76,77,78,99,106,107,108,102,109,110,111,105,112,113,114
78,83,84,57,108,115,116,85,111,117,118,89,114,119,120,93
121,122,123,124,125,126,127,128,129,130,131,132,133,134,135,136
124,137,138,121,128,139,140,125,132,141,142,129,136,143,144,133
133,134,135,136,145,146,147,148,149,150,151,152,69,153,154,155
136,143,144,133,148,156,157,145,152,158,159,149,155,160,161,69
162,163,164,165,166,167,168,169,170,171,172,173,174,175,176,177
165,178,179,162,169,180,181,166,173,182,183,170,177,184,185,174
174,175,176,177,186,187,188,189,190,191,192,193,194,195,196,197
177,184,185,174,189,198,199,186,193,200,201,190,197,202,203,194
204,204,204,204,207,208,209,210,211,211,211,211,212,213,214,215
204,204,204,204,210,217,218,219,211,211,211,211,215,220,221,222
204,204,204,204,219,224,225,226,211,211,211,211,222,227,228,229
204,204,204,204,226,230,231,207,211,211,211,211,229,232,233,212
212,213,214,215,234,235,236,237,238,239,240,241,242,243,244,245
215,220,221,222,237,246,247,248,241,249,250,251,245,252,253,254
222,227,228,229,248,255,256,257,251,258,259,260,254,261,262,263
229,232,233,212,257,264,265,234,260,266,267,238,263,268,269,242
270,270,270,270,279,280,281,282,275,276,277,278,271,272,273,274
270,270,270,270,282,289,290,291,278,286,287,288,274,283,284,285
270,270,270,270,291,298,299,300,288,295,296,297,285,292,293,294
270,270,270,270,300,305,306,279,297,303,304,275,294,301,302,271
306
14000,0,24000
14000,-7840,24000
7840,-14000,24000
0,-14000,24000
13375,0,25312
13375,-7490,25312
7490,-13375,25312
0,-13375,25312
14375,0,25312
14375,-8050,25312
8050,-14375,25312
0,-14375,25312
15000,0,24000
15000,-8400,24000
8400,-15000,24000
0,-15000,24000
-7840,-14000,24000
-14000,-7840,24000
-14000,0,24000
-7490,-13375,25312
-13375,-7490,25312
-13375,0,25312
-8050,-14375,25312
-14375,-8050,25312
-14375,0,25312
-8400,-15000,24000
-15000,-8400,24000
-15000,0,24000
-14000,7840,24000
-7840,14000,24000
0,14000,24000
-13375,7490,25312
-7490,13375,25312
0,13375,25312
-14375,8050,25312
-8050,14375,25312
0,14375,25312
-15000,8400,24000
-8400,15000,24000
0,15000,24000
7840,14000,24000
14000,7840,24000
7490,13375,25312
13375,7490,25312
8050,14375,25312
14375,8050,25312
8400,15000,24000
15000,8400,24000
17500,0,18750
17500,-9800,18750
9800,-17500,18750
0,-17500,18750
20000,0,13500
20000,-11200,13500
11200,-20000,13500
0,-20000,13500
20000,0,9000
20000,-11200,9000
11200,-20000,9000
0,-20000,9000
-9800,-17500,18750
-17500,-9800,18750
-17500,0,18750
-11200,-20000,13500
-20000,-11200,13500
-20000,0,13500
-11200,-20000,9000
-20000,-11200,9000
-20000,0,9000
-17500,9800,18750
-9800,17500,18750
0,17500,18750
-20000,11200,13500
-11200,20000,13500
0,20000,13500
-20000,11200,9000
-11200,20000,9000
0,20000,9000
9800,17500,18750
17500,9800,18750
11200,20000,13500
20000,11200,13500
11200,20000,9000
20000,11200,9000
20000,0,4500
20000,-11200,4500
11200,-20000,4500
0,-20000,4500
15000,0,2250
15000,-8400,2250
8400,-15000,2250
0,-15000,2250
15000,0,1500
15000,-8400,1500
8400,-15000,1500
0,-15000,1500
-11200,-20000,4500
-20000,-11200,4500
-20000,0,4500
-8400,-15000,2250
-15000,-8400,2250
-15000,0,2250
-8400,-15000,1500
-15000,-8400,1500
-15000,0,1500
-20000,11200,4500
-11200,20000,4500
0,20000,4500
-15000,8400,2250
-8400,15000,2250
0,15000,2250
-15000,8400,1500
-8400,15000,1500
0,15000,1500
11200,20000,4500
20000,11200,4500
8400,15000,2250
15000,8400,2250
8400,15000,1500
15000,8400,1500
-16000,0,20250
-16000,-3000,20250
-15000,-3000,22500
-15000,0,22500
-23000,0,20250
-23000,-3000,20250
-25000,-3000,22500
-25000,0,22500
-27000,0,20250
-27000,-3000,20250
-30000,-3000,22500
-30000,0,22500
-27000,0,18000
-27000,-3000,18000
-30000,-3000,18000
-30000,0,18000
-15000,3000,22500
-16000,3000,20250
-25000,3000,22500
-23000,3000,20250
-30000,3000,22500
-27000,3000,20250
-30000,3000,18000
-27000,3000,18000
-27000,0,15750
-27000,-3000,15750
-30000,-3000,13500
-30000,0,13500
-25000,0,11250
-25000,-3000,11250
-26500,-3000,9375
-26500,0,9375
-20000,-3000,9000
-19000,-3000,6000
-19000,0,6000
-30000,3000,13500
-27000,3000,15750
-26500,3000,9375
-25000,3000,11250
-19000,3000,6000
-20000,3000,9000
17000,0,14250
17000,-6600,14250
17000,-6600,6000
17000,0,6000
26000,0,14250
26000,-6600,14250
31000,-6600,8250
31000,0,8250
23000,0,21000
23000,-2500,21000
24000,-2500,20250
24000,0,20250
27000,0,24000
27000,-2500,24000
33000,-2500,24000
33000,0,24000
17000,6600,6000
17000,6600,14250
31000,6600,8250
26000,6600,14250
24000,2500,20250
23000,2500,21000
33000,2500,24000
27000,2500,24000
28000,0,24750
28000,-2500,24750
35250,-2500,24937
35250,0,24937
29000,0,24750
29000,-1500,24750
34500,-1500,25125
34500,0,25125
28000,0,24000
28000,-1500,24000
32000,-1500,24000
32000,0,24000
35250,2500,24937
28000,2500,24750
34500,1500,25125
29000,1500,24750
32000,1500,24000
28000,1500,24000
0,0,31500
0,-20,31500
20,0,31500
8000,0,31500
8000,-4500,31500
4500,-8000,31500
0,-8000,31500
0,0,28500
2000,0,27000
2000,-1120,27000
1120,-2000,27000
0,-2000,27000
-20,0,31500
-4500,-8000,31500
-8000,-4500,31500
-8000,0,31500
-1120,-2000,27000
-2000,-1120,27000
-2000,0,27000
0,20,31500
-8000,4500,31500
-4500,8000,31500
0,8000,31500
-2000,1120,27000
-1120,2000,27000
0,2000,27000
4500,8000,31500
8000,4500,31500
1120,2000,27000
2000,1120,27000
4000,0,25500
4000,-2240,25500
2240,-4000,25500
0,-4000,25500
13000,0,25500
13000,-7280,25500
7280,-13000,25500
0,-13000,25500
13000,0,24000
13000,-7280,24000
7280,-13000,24000
0,-13000,24000
-2240,-4000,25500
-4000,-2240,25500
-4000,0,25500
-7280,-13000,25500
-13000,-7280,25500
-13000,0,25500
-7280,-13000,24000
-13000,-7280,24000
-13000,0,24000
-4000,2240,25500
-2240,4000,25500
0,4000,25500
-13000,7280,25500
-7280,13000,25500
0,13000,25500
-13000,7280,24000
-7280,13000,24000
0,13000,24000
2240,4000,25500
4000,2240,25500
7280,13000,25500
13000,7280,25500
7280,13000,24000
13000,7280,24000
0,0,0
15000,0,1500
15000,8400,1500
8400,15000,1500
0,15000,1500
15000,0,750
15000,8400,750
8400,15000,750
0,15000,750
14250,0,0
14250,7980,0
7980,14250,0
0,14250,0
-8400,15000,1500
-15000,8400,1500
-15000,0,1500
-8400,15000,750
-15000,8400,750
-15000,0,750
-7980,14250,0
-14250,7980,0
-14250,0,0
-15000,-8400,1500
-8400,-15000,1500
0,-15000,1500
-15000,-8400,750
-8400,-15000,750
0,-15000,750
-14250,-7980,0
-7980,-14250,0
0,-14250,0
8400,-15000,1500
15000,-8400,1500
8400,-15000,750
15000,-8400,750
7980,-14250,0
14250,-7980,0
